1
1
1
1
1
1
1
1
1
1
1
1
1
1
1
1
1
1
1
1
1
1
1
1
1
1
2
7
11
13
14
15
21
52
94
101
161
203
260
354
498
597
812
958
1028
1113
1187
1275
1412
1607
1734
1897
2003
2243
2448
2753
2961
3326
3574
3866
4239
4692
5157
5568
5865
6224
6524
6897
7527
8143
8610
8883
9203
9648
10031
10343
10826
11266
11761
12295
12647
13007
13517
14184
14865
14980
15441
15647
16261
16835
17501
17862
18408
18633
15878
16288
16903
16612
17119
17730
18126
18443
18988
19478
20082
20590
21032
21493
21708
22085
22721
23330
23913
24225
24490
24843
25344
25897
26490
27155
27747
28176
28440
29150
31290
32350
33329
34260
