1
4
4
4
5
8
10
12
12
12
12
13
13
14
14
16
16
15
15
15
15
15
9
9
9
9
9
2
2
4
12
34
56
63
114
165
203
360
544
692
820
1049
1206
1584
1938
2725
3820
4530
5805
7188
9166
12194
15163
19478
22020
24924
28516
29586
32259
37998
46108
50969
52575
57157
54800
57998
61247
65309
68248
69567
72969
69723
64662
69400
65683
65509
64540
62616
56084
65088
57208
54009
54014
53009
50949
48684
46406
44725
42959
41644
40201
38411
36694
35118
33447
31027
29673
29673
24667
25321
23191
21769
21150
21115
20580
19917
18926
18153
17307
16630
16101
15132
14612
14448
13804
13216
12842
12487
12251
11671
11276
11011
11131
10648
10297
10093
9999
9324
8766
8402
8255
8059
