2982
3730
4634
6375
9249
14097
19344
26375
34576
45530
54080
67579
84026
102238
119891
135719
155545
178577
101551
230430
261429
288717
310697
337527
364668
396637
426783
457923
481600
498206
520425
539187
563993
590914
616514
635953
660028
684434
706536
730264
758168
774807
797924
822574
841138
859177
877881
900831
924688
941653
964192
980827
999862
1016166
1036606
1054262
1060704
1070923
1079444
1082607
1095613
1112175
1129513
1138957
1149047
1162639
1172782
1191791
1210124
1224127
1226499
1236506
1247187
1254013
1264708
1278752
1296852
1313447
1322675
1332098
1344255
1358756
1372313
1382049
1395568
