2
2
2
2
2
2
2
2
3
3
3
3
3
3
3
3
3
3
3
3
3
3
19
76
152
221
311
455
593
822
1053
1577
1835
2263
2706
3296
3916
5061
6387
7985
8514
10590
12839
14955
17750
20603
23073
26062
28710
33190
38549
42681
46638
50418
54030
57521
62013
66414
70065
73880
75528
77635
80572
83049
85388
88274
91246
93187
94067
95262
96877
98273
100269
102253
103616
104291
105418
106607
106962
107773
108257
108237
108089
107699
106648
106533
105847
106428
105813
105700
105066
101551
100943
100704
100462
100042
98454
91528
89624
87961
84842
83324
82488
81266
78457
76440
72070
70187
68351
66553
65129
62752
60960
59322
57752
56594
55300
52942
50966
47986
46175
43691
42097
41367
39893
39297
38429
36976
35877
