 GFS#                                                      
 Latitude:-32.89 Longitude: -68.86 &               
 DATA INITIAL TIME: 09 MAY 2022 12Z&     
 CALCULATION STARTED AT: 09 MAY 2022 12Z&
 HOURS OF CALCULATION:          240 &

FIELD  MSL PRESSURE   TEMPERATURE   DEW POINT       PRECIPITATION  AVG TTL CLD CVWIND DIRECTION WIND SPEED     WIND SPEED 
LEVEL                     2M             2M                                           10 M           10 M           10 M       error
UNITS      HPA            DEGC            DEGC          MM              PCT           DEG            KTS            KNTS 
 HR
+  0.   1020.5           11.0            0.4           0.00           20.4           47.5            1.7            1.7            0.0
+  3.   1020.2           14.8            2.6           0.00           16.6           92.0            4.4            4.4            0.0
+  6.   1016.6           16.9            4.3           0.00           10.0           65.7            5.2            5.2            0.0
+  9.   1015.6           16.3            4.7           0.00           13.7           59.4            5.5            5.5            0.0
+ 12.   1017.7           13.2            7.1           0.00           14.1           36.2            3.9            3.9            0.0
+ 15.   1017.7           11.6            7.0           0.00           83.7          343.6            2.7            2.7            0.0
+ 18.   1016.2           10.7            6.3           0.00           82.1          348.1            3.4            3.4            0.0
+ 21.   1015.4            9.6            5.8           0.00           90.2          265.3            0.9            0.9            0.0
+ 24.   1017.6           10.9            6.0           0.00           73.1          243.2            0.1            0.1            0.0
+ 27.   1017.8           15.4            6.9           0.00           25.3           88.1            6.1            6.1            0.0
+ 30.   1015.3           16.9            7.1           0.00           25.5           78.5            6.4            6.4            0.0
+ 33.   1016.0           15.9            6.8           0.00           96.1           75.6            3.6            3.6            0.0
+ 36.   1018.9           13.7            6.0           0.00           92.6          131.0            4.3            4.3            0.0
+ 39.   1019.9           12.9            4.4           0.00           99.4          141.4            2.4            2.4            0.0
+ 42.   1019.5           11.6            4.3           0.00           94.6          150.5            3.9            3.9            0.0
+ 45.   1018.5            8.6            3.9           0.00           65.6          218.5            3.4            3.4            0.0
+ 48.   1019.2            9.7            4.2           0.00           50.0          216.2            0.4            0.4            0.0
+ 51.   1018.2           13.1            4.5           0.00           34.7           87.0            5.2            5.2            0.0
+ 54.   1014.7           15.2            4.1           0.00           21.6           71.2            6.4            6.4            0.0
+ 57.   1013.7           14.7            4.1           0.00           51.2           66.4            5.5            5.5            0.0
+ 60.   1015.0           12.0            4.3           0.00           68.5           31.5            3.8            3.8            0.0
+ 63.   1014.2           10.7            4.1           0.00           45.0          329.3            2.4            2.4            0.0
+ 66.   1012.9            9.4            4.3           0.00           39.5           26.0            2.2            2.2            0.0
+ 69.   1011.1            8.2            3.7           0.00           12.9            3.6            2.4            2.4            0.0
+ 72.   1011.0            9.8            3.0           0.00           25.1           21.6            4.2            4.2            0.0
+ 75.   1009.1           15.6            3.9           0.00           32.4           60.0            5.6            5.6            0.0
+ 78.   1005.8           18.2            4.2           0.00           31.1           54.0            6.8            6.8            0.0
+ 81.   1006.3           17.1            5.3           0.00           31.9           79.5            3.7            3.7            0.0
+ 84.   1009.9           12.3            5.2           0.00           22.3          227.9            2.2            2.2            0.0
+ 87.   1011.6           10.2            5.7           0.00            8.4          182.0            1.7            1.7            0.0
+ 90.   1012.2           10.6            5.5           0.00            8.5          254.1            3.5            3.5            0.0
+ 93.   1013.9            9.4            5.3           0.00           17.7          185.5            6.5            6.5            0.0
+ 96.   1017.0           10.2            6.6           0.00           56.4          218.9            5.0            5.0            0.0
+ 99.   1018.1           11.5            7.0           0.00           99.6          158.2            4.6            4.6            0.0
+102.   1016.7           11.9            6.8           0.00           97.1           91.1            3.3            3.3            0.0
+105.   1015.7           13.1            6.2           0.00           45.2           80.9            3.5            3.5            0.0
+108.   1016.9            9.8            6.8           0.00           29.2           43.1            3.7            3.7            0.0
+111.   1016.7            8.7            6.1           0.00            8.3            3.4            3.1            3.1            0.0
+114.   1015.9            7.5            5.4           0.00           17.5          354.8            1.9            1.9            0.0
+117.   1014.4            6.7            4.2           0.00           34.4          334.0            1.2            1.2            0.0
+120.   1016.3            8.0            5.0           0.00           41.4          219.9            1.0            1.0            0.0
+123.   1016.7           13.0            6.4           0.00           30.6          109.9            4.0            4.0            0.0
+126.   1014.4           15.2            6.4           0.00           29.8           98.1            5.3            5.3            0.0
+129.   1014.9           14.2            6.4           0.00           42.5          105.6            4.7            4.7            0.0
+132.   1018.0           11.6            6.4           0.00           49.0           92.4            2.4            2.4            0.0
+135.   1019.8           10.7            7.9           0.42           73.6          141.0            3.4            3.4            0.0
+138.   1019.7            9.8            8.9           0.42           83.2          154.8            5.1            5.1            0.0
+141.   1019.6            9.3            7.4           0.49           97.7          187.2            4.9            4.9            0.0
+144.   1021.7            8.8            7.7           0.06           95.1          158.7            5.1            5.1            0.0
+147.   1022.6            9.4            7.6           0.00           99.8          139.0            5.2            5.2            0.0
+150.   1020.7           10.0            7.4           0.00           98.1          139.9            5.1            5.1            0.0
+153.   1021.0            9.0            6.8           0.00           89.2          153.5            5.6            5.6            0.0
+156.   1023.0            8.1            5.9           0.00           92.9          166.2            4.2            4.2            0.0
+159.   1023.7            7.8            5.7           0.00           97.2          168.3            4.5            4.5            0.0
+162.   1023.0            7.4            5.0           0.00           98.6          186.7            4.2            4.2            0.0
+165.   1022.5            7.4            4.6           0.00           92.7          187.4            3.5            3.5            0.0
+168.   1024.6            7.1            4.2           0.00           93.9          159.7            3.8            3.8            0.0
+171.   1025.0            7.7            4.1           0.00           98.4          154.3            4.7            4.7            0.0
+174.   1022.6            8.9            3.4           0.00           98.5          144.2            5.6            5.6            0.0
+177.   1022.4            8.7            3.9           0.00           97.0          122.8            4.9            4.9            0.0
+180.   1024.5            6.6            3.8           0.00           98.4          121.2            3.1            3.1            0.0
+183.   1024.3            5.6            2.8           0.00          100.0           78.0            2.2            2.2            0.0
+186.   1023.1            4.7            2.2           0.00           93.6           33.2            2.1            2.1            0.0
+189.   1021.9            4.1            1.5           0.00           67.3           22.3            1.4            1.4            0.0
+192.   1022.5            5.0            2.0           0.00           44.8           17.5            0.9            0.9            0.0
+195.   1021.9            9.0            2.7           0.00           17.9           86.2            5.0            5.0            0.0
+198.   1020.5           10.6            3.0           0.00           37.3          103.3            5.5            5.5            0.0
+201.   1021.6            9.5            3.2           0.00           99.8          117.5            5.0            5.0            0.0
+204.   1024.0            8.6            3.5           0.00           99.9          118.1            5.2            5.2            0.0
+207.   1025.0            7.3            5.2           0.00           99.6          112.4            3.5            3.5            0.0
+210.   1024.2            7.2            5.9           0.00          100.0          107.0            3.7            3.7            0.0
+213.   1023.6            6.9            5.5           0.00          100.0          101.1            3.5            3.5            0.0
+216.   1024.8            6.7            5.8           0.00          100.0          103.4            3.8            3.8            0.0
+219.   1024.4            7.8            5.5           0.00           97.9           82.5            3.9            3.9            0.0
+222.   1021.8            9.6            4.8           0.00           92.1           70.4            3.9            3.9            0.0
+225.   1020.7           10.2            4.7           0.00           83.3           44.1            4.0            4.0            0.0
+228.   1022.5            8.2            4.7           0.00           63.8           37.0            4.7            4.7            0.0
+231.   1022.6            7.0            3.6           0.00            9.8            9.5            3.7            3.7            0.0
+234.   1022.2            6.5            3.1           0.00            5.1           23.1            4.2            4.2            0.0
+237.   1021.6            5.7            2.3           0.00            0.2           20.7            3.7            3.7            0.0
+240.   1022.8            6.1            2.1           0.00            0.5           35.9            2.8            2.8            0.0
